6106.6900000000005
1483.8999999999999
3232.97
4817.780000000001
6646.870000000001
4754.63
9249.730000000001
7094.98
2546.44
7780.409999999999
1599.56
5033.23
4049.52
5184.599999999999
4451.81
1986.5899999999997
3251.51
2371.95
5679.129999999999
6096.860000000001
4912.62
1682.89
3375.64
8377.239999999998
4129.9
7060.66
4056.96
4555.41
944.7
2895.77
788.15
5842.409999999999
5933.7
6068.08
2956.53
5340.549999999999
9463.840000000002
4085.39
4705.92
6932.42
1965.6299999999997
5022.43
5529.670000000001
3451.24
2138.2
4960.2
1260.25
4598.77
3929.3399999999997
2650.85
798.6300000000001
2220.83
7917.670000000001
4228.219999999999
3091.05
3423.4
3469.62
2383.66
6977.44
5756.16
5463.96
6790.0599999999995
1814.58
4224.969999999999
2729.4
5478.87
6499.21
1799.8399999999997
2587.28
5522.31
4724.070000000001
3758.79
7587.870000000001
5824.83
1649.08
6165.029999999999
3207.32
4192.32
3479.88
3375.3
3547.08
5268.39
1163.65
6091.87
4352.33
2154.56
5538.0199999999995
1727.8899999999999
5991.900000000001
6261.13
8794.039999999999
6013.549999999999
4966.929999999999
6114.779999999999
1901.1799999999998
7049.54
3483.2900000000004
2716.4
1445.02
4874.01
2064.5
5682.08
6009.560000000001
5685.2300000000005
2791.67
4534.93
6028.18
2879.19
2771.15
6877.13
8000.549999999999
5901.970000000001
1727.1499999999999
1479.78
4998.26
3583.4399999999996
4602.61
5182.759999999999
9099.62
3182.99
530.8799999999999
4552.67
2713.97
2041.33
3822.62
2947.35
2718.22
3567.5199999999995
4506.17
1528.86
4416.15
7200.57
5475.97
4609.4
3663.3899999999994
7193.970000000001
3352.8199999999997
4562.76
4863.6900000000005
2205.44
2137.63
2612.94
7612.0
5070.36
6183.83
3685.25
1404.47
3506.1499999999996
2868.92
6225.15
4989.18
5283.99
1698.6100000000001
1075.44
4627.76
7174.39
4509.65
7851.65
3071.25
1094.27
2928.69
6869.59
4298.26
6599.83
6535.08
6380.02
5311.009999999999
6380.820000000001
9193.91
1387.64
1712.0900000000001
3534.16
1488.62
3383.6100000000006
6716.75
2846.9300000000003
7463.91
3281.48
7591.379999999999
1945.96
4953.16
2197.29
2950.13
5232.1900000000005
5002.3099999999995
3526.66
4359.7300000000005
6895.180000000001
1923.15
9536.02
3096.59
6027.459999999999
2744.6099999999997
3482.7
3982.87
5600.45
2700.6600000000003
3955.9
4253.7699999999995
3262.68
3129.57
3390.73
3251.71
2720.9900000000002
4449.450000000001
3233.95
4516.04
4176.79
2932.14
5990.99
5155.83
1796.9500000000003
1729.0900000000001
2335.44
1373.3
3911.32
1326.56
9401.27
6589.550000000001
7293.97
6695.339999999999
4979.34
6599.650000000001
9306.4
5718.15
4574.94
6988.740000000001
7778.51
5872.86
2795.3100000000004
10297.369999999999
2277.6099999999997
1749.3
6166.48
5792.43
5526.86
5766.9
7410.950000000001
3017.41
7290.79
8073.490000000001
5865.679999999999
7609.15
4522.35
3974.4300000000003
1678.4199999999998
2481.0699999999997
5573.04
5744.39
5862.62
2121.21
1869.62
4505.29
5453.73
3724.78
5411.339999999999
10336.72
4068.12
3989.29
4061.1499999999996
9811.570000000002
2369.15
522.75
3947.2
1911.1999999999998
5515.96
7444.89
4603.629999999999
4876.67
3593.67
4183.5199999999995
4221.86
3377.3100000000004
7808.610000000001
5023.8099999999995
3781.87
5008.049999999999
1041.79
3027.88
4250.209999999999
4755.27
1596.22
3598.2
5844.5599999999995
2141.14
7316.06
6803.6
733.68
2729.5399999999995
4470.72
2914.68
4129.719999999999
4544.62
4177.88
2011.9699999999998
746.3
1029.69
9290.470000000001
2526.23
8349.81
3146.8999999999996
10462.2
2972.6099999999997
1760.07
3069.29
2998.86
4508.77
2933.17
4023.32
3295.81
2762.3500000000004
1032.47
8554.98
2597.8
2310.2
2918.24
7379.51
3119.33
6948.32
1737.52
4908.08
2796.02
3676.45
4692.96
2398.6400000000003
6771.349999999999
3235.0899999999997
3295.21
5645.54
6272.870000000001
2279.8900000000003
1974.9899999999998
6677.87
6397.1
3843.34
4338.139999999999
4342.33
5365.82
2620.65
2882.92
3350.6700000000005
2805.4799999999996
211.72
3679.8099999999995
8868.46
4947.54
2879.0
6844.2300000000005
3347.82
2646.23
6114.389999999999
3356.0099999999998
2081.14
949.4900000000001
8322.960000000001
2517.9300000000003
7047.919999999999
2657.02
5417.09
3347.1399999999994
5109.8
2527.47
8754.880000000001
7259.089999999999
6718.68
3600.6099999999997
2680.2599999999998
3410.77
8857.01
4250.92
1052.29
4787.0
2710.7799999999997
3553.6699999999996
7414.48
2138.15
2430.75
7030.07
6096.35
4694.34
4638.2
2743.5
4928.63
4249.01
4976.39
3955.64
4787.8099999999995
2976.1700000000005
4610.540000000001
11422.050000000001
2309.01
1447.61
6230.710000000001
4660.8
4275.86
4024.28
1854.3999999999999
7111.93
5558.9
3572.51
1955.88
5659.78
4167.179999999999
6639.500000000001
4475.080000000001
4633.650000000001
2638.28
7442.779999999999
5876.03
6418.42
4935.26
2486.2799999999993
2943.8399999999997
5203.009999999999
6728.3099999999995
4614.429999999999
6827.189999999999
4848.889999999999
6586.430000000001
3042.8599999999997
6719.070000000001
12467.47
7473.970000000001
2813.5699999999997
4207.34
3445.7
4085.6800000000003
4919.48
2667.27
6110.28
7098.259999999998
7192.92
3093.4800000000005
5233.429999999999
4519.33
6194.07
3779.3499999999995
4114.47
2720.3999999999996
4417.74
3467.11
4851.570000000001
358.01
9402.479999999998
1573.42
6480.47
2814.44
5088.68
3429.9
2137.75
5493.5199999999995
6680.969999999999
5410.07
2649.07
1132.35
10234.119999999999
4561.73
1272.4299999999998
1784.6999999999998
3675.6
5065.89
3810.99
2939.0
6250.09
4360.78
5985.55
4953.040000000001
5593.27
1794.0299999999997
3943.7
4383.820000000001
4633.9
1197.3400000000001
2743.06
4322.24
4290.5
5818.34
3732.21
4396.87
2555.96
6966.719999999999
4341.36
8455.72
2670.86
5711.21
2156.62
5950.030000000001
2863.1200000000003
8779.93
9773.590000000002
6707.72
5395.460000000001
6718.2300000000005
2867.49
1996.15
3735.4
2719.16
3869.2700000000004
5774.25
6019.639999999999
3656.54
2180.31
2826.69
6764.02
2488.9000000000005
2667.3999999999996
1776.42
6396.709999999999
3016.6700000000005
6473.079999999999
2243.53
4178.69
5804.55
542.12
3520.44
7516.11
4107.8
4945.09
6865.160000000001
2978.66
2793.01
2100.47
4364.71
1482.32
3368.4500000000003
2190.73
4030.9500000000003
2533.8199999999997
1268.53
3528.4299999999994
1224.78
2808.71
4829.49
5357.310000000001
5247.42
5949.629999999999
4022.7000000000007
1202.35
3735.7200000000003
4823.9
1944.0400000000002
7378.369999999999
6366.120000000001
3503.6899999999996
4976.47
5012.68
4212.639999999999
6082.509999999999
3249.7400000000002
4140.43
5183.5
5728.89
3033.1000000000004
4644.3099999999995
6194.26
1924.1399999999999
4107.76
1680.56
3436.2400000000002
6127.919999999999
4782.780000000001
6197.900000000001
5074.35
7624.63
6244.379999999999
6416.27
2854.23
8245.86
5101.42
4534.42
7514.449999999999
3622.99
1431.16
2650.15
4617.17
5753.63
3663.71
5571.14
4233.820000000001
1737.77
5744.5199999999995
1486.03
11547.259999999998
5167.31
5604.139999999999
5345.26
2495.1800000000003
4041.79
2913.56
6963.83
1896.18
4008.14
4738.3
2637.62
10169.97
4713.71
4836.650000000001
3346.8
6655.53
6126.849999999999
1888.48
4844.79
9941.099999999999
2667.7200000000003
1723.7599999999998
4186.57
5049.61
960.06
1042.32
8442.099999999999
5222.780000000001
3749.98
2266.0
3272.8100000000004
593.5699999999999
8542.97
5469.209999999999
2834.39
5870.43
3557.709999999999
2728.34
236.96
5425.51
1867.7400000000002
4053.8900000000003
2056.79
5103.8
3970.13
3758.19
3701.02
4502.57
3132.4300000000003
3474.07
3474.5499999999997
7213.93
1753.0200000000002
3410.01
4308.13
5496.469999999999
6359.9400000000005
3565.54
2418.31
2826.7400000000002
1123.03
4769.84
3966.5
2772.83
4538.099999999999
2415.56
4997.97
2620.62
3098.25
1540.28
2999.2999999999997
3064.46
3603.7299999999996
3342.12
5958.75
2541.33
2122.83
4085.04
2868.78
1870.11
6477.65
2560.1800000000003
2955.66
6537.41
2276.23
4507.48
4946.08
4946.43
3653.66
5562.3
5518.28
2156.71
7258.66
4082.64
3488.98
3590.5
5805.9
6975.110000000001
1089.37
6595.48
3885.6600000000003
2363.9599999999996
8247.49
5464.64
7722.249999999999
2430.6399999999994
7953.920000000001
1846.33
9161.13
4943.5
11351.140000000001
5046.1900000000005
5450.989999999999
2974.2
3909.0
8893.39
7278.51
6142.65
5898.26
7443.33
2198.19
3844.0999999999995
3301.2699999999995
2322.33
5416.1900000000005
3075.01
2789.1400000000003
5353.87
2927.98
3434.8900000000003
1238.03
217.75
3717.1900000000005
1391.62
9836.619999999999
4900.5
7445.820000000001
6287.949999999999
6613.69
6125.24
5286.7300000000005
3431.07
1771.3500000000001
4043.74
5205.28
5324.1900000000005
3739.8900000000003
3473.4900000000002
3472.29
4356.81
5074.910000000002
6013.86
3153.35
1461.9699999999996
1780.46
3225.31
6804.3099999999995
6328.29
2559.33
7189.160000000001
5080.709999999999
4602.48
1033.17
5317.400000000001
2989.89
5588.01
9364.5
4078.35
2781.45
5593.9400000000005
727.55
6988.75
5247.329999999999
8220.63
5735.72
658.22
2287.56
4979.91
3596.06
1871.2200000000003
5958.12
1231.41
2656.9300000000003
2916.8000000000006
2924.9
6745.2300000000005
3681.12
5551.02
1947.44
1716.36
5462.759999999999
4147.61
3918.7899999999995
1825.58
2743.2599999999998
3412.7299999999996
753.18
1512.1599999999999
2450.0
5824.51
5082.15
1371.12
645.29
2120.3199999999997
6680.269999999999
2304.22
4884.15
7149.14
3061.7
8362.710000000001
5395.530000000001
9502.97
2218.25
3222.29
2931.24
906.03
6373.04
4713.76
4596.34
2386.09
3792.61
3670.75
6385.21
5413.95
943.8
11022.26
1816.8799999999999
1168.4800000000002
6782.92
5993.22
5824.029999999999
1281.98
4773.150000000001
3551.5
6439.249999999999
4312.870000000001
3380.7599999999998
3084.6500000000005
6653.070000000001
7914.85
1892.65
9831.539999999999
2790.5699999999997
4375.3
8070.5
6802.54
873.88
3066.09
6782.58
5329.91
1616.4099999999999
6640.09
7039.48
4769.13
2612.0299999999997
4037.1699999999996
1724.82
773.0899999999999
3258.34
4090.9600000000005
5536.780000000001
1598.8799999999999
6219.680000000001
2333.79
1628.1200000000001
2287.02
1834.85
3431.37
2345.36
3512.66
3680.6600000000003
2704.62
4922.820000000001
4595.969999999999
5702.9400000000005
1498.9099999999999
3331.95
6979.28
1322.86
5795.2300000000005
7599.609999999999
7149.96
4740.17
3068.95
4723.16
7345.770000000001
1413.75
2316.98
4371.64
3250.76
6429.629999999999
5296.16
6497.43
4517.84
646.74
2684.63
5076.910000000001
6076.62
3405.8399999999997
4107.14
1817.1399999999999
4794.849999999999
5642.009999999999
4328.17
2108.17
4703.179999999999
3336.1099999999997
3039.79
7911.099999999999
830.6399999999999
4391.48
4990.610000000001
6189.399999999999
4573.4
507.51
4185.18
11117.789999999999
7020.420000000001
1954.0200000000002
5017.380000000001
2540.7000000000003
3859.46
3713.8
3223.5299999999997
11079.16
3373.54
6851.5
5076.03
5262.620000000001
5706.26
4061.2000000000003
5175.7
3348.6099999999997
954.05
4248.92
7877.129999999998
5657.719999999999
4645.74
4818.47
5580.42
2193.9700000000003
2172.37
8955.13
3356.99
3629.59
2935.4
10493.369999999999
3140.04
6189.740000000001
3217.2700000000004
2212.41
1499.42
622.47
7709.21
2631.21
7159.789999999999
2501.3100000000004
2481.4
3453.78
5859.42
6886.889999999999
6360.01
3601.36
3925.9300000000003
5255.73
6255.42
7039.17
4040.5999999999995
6971.1
8625.49
5922.74
5105.13
1761.1100000000001
3834.2300000000005
2000.77
4251.139999999999
12882.52
4430.19
4821.52
4924.25
4722.82
5615.0199999999995
3784.1800000000007
9715.04
3949.56
6383.92
2822.4799999999996
6418.049999999999
2528.46
1778.7900000000002
845.8299999999999
6022.280000000001
2712.96
3716.7799999999997
1581.67
4995.28
1835.92
8207.789999999999
4980.14
7961.4400000000005
9223.82
2634.21
4456.9
2473.76
4829.47
3577.66
9289.24
4835.0599999999995
3708.6299999999997
6918.33
2321.83
3018.5199999999995
3001.0600000000004
6400.9299999999985
3542.88
6125.299999999999
2989.2000000000003
