1846 610
1986 953
418 1571
1057 1930
679 825
190 870
1010 830
970 73
30 1488
1793 1669
217 670
1658 608
1251 772
657 1468
1203 1393
208 2008
227 1886
163 580
915 483
1719 1462
1148 1143
1690 865
249 1505
1828 690
1609 1159
1058 1121
794 392
1218 1197
1747 850
245 1446
556 962
1677 578
325 1495
111 1167
2042 1040
235 793
317 1944
190 1401
1341 772
1771 634
692 608
776 17
928 1942
1908 1526
1996 830
1580 88
1379 1980
1457 855
1138 1462
1548 806
1812 1973
390 1025
1790 1212
1371 431
339 1811
1891 1733
604 1401
1702 482
1800 804
1273 1092
1594 1840
1520 624
1771 195
134 1243
565 985
943 1485
279 1032
1135 1855
1298 873
1899 1594
2042 891
65 392
1823 1815
586 1342
988 1996
692 958
412 1383
534 288
143 2017
1879 1983
1309 202
234 1521
617 1880
546 2041
1788 1156
1097 1858
1084 650
69 1567
787 1019
1734 1839
1140 395
1829 1150
1733 770
1041 1571
1671 1510
41 32
1978 1642
1752 322
1536 827
1439 1880
1797 1858
1573 1013
865 985
2039 1961
197 243
351 1983
1597 488
1248 325
1961 944
485 170
1025 465
1995 483
1378 1767
283 1560
1373 238
705 1505
2001 1553
474 417
596 1462
354 492
192 412
43 1437
1898 1626
1779 639
1111 1183
249 1132
965 765
1830 4
1329 624
817 1437
1607 744
177 1413
172 1351
1042 1767
1133 1390
736 1755
1516 1811
2006 1263
1901 352
29 194
2007 572
1011 1851
20 2027
367 2036
1491 865
1217 1117
157 1209
1246 1989
324 1663
1244 732
574 1203
2028 762
585 1342
1851 1829
2044 1673
576 639
1231 1929
1089 257
1260 624
1093 312
177 805
1095 1669
1756 1183
156 4
1614 1162
1405 1588
1738 545
1986 1128
15 953
202 744
1529 1899
166 482
1551 1538
59 521
153 441
1225 1505
183 620
1765 1106
491 1302
950 2027
785 93
601 1545
31 1209
429 273
1653 1343
1541 850
120 1563
207 1895
1715 958
681 1843
1820 874
1280 93
1626 592
662 1855
1874 804
590 1326
1527 690
276 501
621 791
778 1423
1999 1342
939 1538
580 958
28 780
911 1145
656 1668
455 1487
1988 544
526 395
1495 1602
1713 1224
405 1126
1017 262
1291 2024
559 750
1358 412
1682 1423
147 1808
43 1733
399 1013
305 1786
1415 1855
1179 2037
37 1118
1731 1326
363 772
1736 1680
285 1227
1054 670
176 78
2032 78
407 1886
1396 1372
1275 1571
276 825
889 392
1652 22
1115 1351
1642 1343
1029 996
1262 1983
1887 1156
908 1224
203 1227
508 1855
1282 608
13 1928
1563 1496
1528 1588
444 17
960 624
1121 17
1532 1251
1148 1808
1167 521
1599 1483
521 1851
192 1203
303 1919
1751 1213
283 772
1745 683
1292 1588
1014 1164
143 1856
1685 805
1526 1019
1584 388
508 474
153 1953
1900 262
1249 1810
1352 1505
1500 1407
680 2009
1638 1965
680 780
937 1335
1453 410
828 874
1062 624
822 1485
1811 1567
1456 2037
1794 629
1429 1343
91 1348
377 1767
1391 1027
283 721
584 882
694 1040
1940 1383
2027 1919
580 391
361 867
1012 1475
133 1893
1852 1388
332 1573
328 827
1608 890
18 162
695 162
1264 580
807 1844
1634 388
741 1270
1987 1104
450 1401
1573 452
216 1855
173 1983
109 1299
2010 922
843 613
1004 1588
614 1815
513 1488
143 1263
204 202
1804 882
432 1808
126 1849
1275 804
257 1407
1104 634
1294 41
847 629
1664 948
1498 1392
403 1538
543 703
1187 149
1725 1251
1040 870
1543 317
805 922
484 75
991 1944
569 412
1145 195
354 1855
88 572
43 511
1477 1013
1941 544
1595 827
1401 392
1832 1463
522 2046
1487 1686
1782 431
1148 620
2036 1381
806 277
390 1624
2000 3
873 949
877 1380
899 1573
502 1388
151 1733
671 1381
1973 217
385 465
1104 1664
2039 1072
385 417
184 1855
1182 1961
2021 1224
1328 1829
1129 1775
777 1197
900 388
208 1545
191 1703
998 781
674 65
345 1624
485 1560
1032 1808
1954 1156
10 1594
1259 1269
296 1573
482 867
753 1560
1807 1573
570 1299
1793 1224
21 867
1396 915
126 1393
841 949
1832 1656
870 1466
825 1662
408 221
223 1733
1138 1573
1834 1643
187 1393
1230 1039
46 1856
756 80
1695 80
1252 1653
1938 958
1185 927
1452 1510
1429 1270
108 552
1549 1852
421 640
108 441
1177 518
243 874
61 108
1862 1659
1674 805
555 428
942 1251
1520 1227
1872 1686
692 1495
123 419
1044 468
260 1090
336 93
1410 521
1843 1243
461 996
1681 1224
1488 985
688 1390
1119 1012
1706 944
62 41
1823 1855
1856 312
1934 607
209 1643
1119 1197
1600 1505
209 1372
660 874
1820 1213
312 1656
1937 202
1071 1652
87 1725
944 1013
1218 948
1055 791
964 1594
304 1767
832 488
1187 948
1927 830
1768 169
394 1989
1179 414
484 830
1833 159
1485 1487
1393 1118
79 1786
655 1413
1881 608
308 1021
1219 388
680 1678
1812 1588
690 1247
1627 1810
1130 1121
83 452
1870 1411
1996 703
777 2010
262 1263
874 1117
369 1577
1914 146
630 1846
258 412
1530 1072
338 1243
403 31
1370 1203
650 194
1047 1571
261 1202
667 1594
149 572
805 1552
42 819
1527 483
343 1218
778 170
1760 396
1964 1626
1597 1362
694 22
222 578
1658 465
583 243
37 944
163 873
177 1025
1978 1953
1532 32
1880 890
1106 1918
1485 1218
239 1213
734 1185
1439 511
1143 1865
810 701
401 1017
1678 1598
228 1167
326 1377
494 1315
1627 1227
149 616
1216 1492
103 1462
1431 1899
177 1351
0 2017
1022 1662
97 580
16 141
783 322
1511 690
476 1381
1679 762
786 1250
1997 518
527 1840
1846 954
1596 1392
1295 1487
669 898
1445 391
1903 1104
203 140
278 1865
1121 93
1328 953
679 825
1208 854
1461 1475
18 316
744 1315
1574 202
2025 1377
144 722
1599 1956
1113 676
1649 696
127 592
398 1789
625 5
532 580
182 791
555 1407
518 1104
427 163
756 1899
1494 146
1259 1521
1052 1401
1524 1290
1504 722
922 359
112 474
541 1422
429 159
129 683
1486 1206
648 24
1459 1895
1 431
50 1470
827 364
1532 1942
422 1944
1070 149
778 1686
414 24
1098 1474
56 850
1631 1829
1399 1128
1104 1313
1493 1703
1141 5
946 568
1933 1390
652 159
199 1678
294 581
445 1942
1631 1571
519 1209
927 1659
1784 1335
140 882
664 1929
2030 750
1541 2036
1787 1302
179 616
1412 1013
1814 951
1817 1899
357 1209
41 619
339 1126
1314 1651
200 1218
918 592
750 197
137 317
183 65
1235 927
1511 922
1465 1348
877 2027
455 854
1308 1510
758 1485
1222 1495
1762 1843
1740 1185
447 2037
1632 1335
1166 1626
711 1686
101 600
888 1185
100 878
325 1673
1714 1554
349 342
1669 1505
701 1642
804 878
1628 140
773 1126
1159 78
1792 951
1771 2008
596 1891
885 1811
907 410
1422 1602
553 863
1336 1070
2006 1315
1520 620
19 624
635 240
477 342
1247 587
187 7
1695 2017
523 1886
1644 581
177 410
1947 1880
694 1353
1669 701
1855 605
1101 1270
633 7
212 1930
1178 958
47 1932
1626 1571
1348 1092
1913 95
44 146
763 1521
1678 1213
1538 1117
137 620
291 578
1504 1202
64 1090
66 1270
1380 41
1083 1156
716 108
1250 1652
101 1858
1847 696
1771 392
1185 948
31 1883
986 1773
1918 1070
1715 690
1196 1353
140 1270
1378 221
821 1213
124 716
980 488
1676 1626
901 996
1553 1980
545 1956
1059 1209
1890 629
1105 1463
287 1025
1565 1145
1796 1390
1189 2009
1902 1855
313 951
29 1202
747 1313
1163 865
207 770
208 1588
52 4
1054 1652
1875 364
740 1392
1891 634
1539 1017
1327 492
1835 1224
1431 1799
718 1849
289 24
867 22
1044 2041
866 1070
803 1942
748 603
1238 364
1431 1497
452 1956
1072 1537
383 1250
1986 707
1087 870
913 60
653 1680
1796 1183
1064 1437
193 162
1214 512
524 1594
1152 750
1159 270
422 696
1214 325
1937 4
1405 458
397 707
483 1883
803 341
1253 22
413 703
1501 1072
1493 342
555 468
1990 1773
1910 1167
1337 670
1291 1087
1308 833
1540 1521
779 1390
1629 1895
1295 1664
361 419
699 243
1529 17
1857 1353
1119 1883
1052 770
1615 951
1392 1203
1014 908
1769 874
263 1855
835 1039
1063 1462
1138 1602
314 1567
1707 624
111 1865
1584 270
1312 770
1999 2010
1303 1656
1043 1663
1942 277
947 544
677 1126
397 1492
1316 1864
477 1290
953 277
781 1393
952 5
191 1197
579 697
1710 1446
608 146
734 1886
397 322
1791 613
1087 1431
1486 341
808 1886
1102 878
182 288
1447 1388
50 1919
1238 202
934 262
1959 412
1262 1970
187 262
1930 806
1878 1642
809 1512
75 1811
1550 581
818 93
1261 1351
2005 1243
1006 1106
574 1492
144 1883
287 419
544 1846
758 629
960 1027
317 419
1723 1162
133 410
848 5
24 1224
1576 1923
1673 1961
691 194
2040 1315
1038 465
1661 1510
1626 195
1246 1372
1609 544
1464 1377
1496 882
751 1411
1708 825
1926 644
219 616
727 95
816 1642
1796 1213
1642 1891
197 1251
1034 1828
1463 1013
768 1470
807 891
527 1577
632 1552
2007 95
1268 2036
1047 1864
194 1407
1391 603
278 650
36 1504
1037 162
1625 1643
665 1554
1138 1156
1258 544
544 88
1324 1852
738 1021
602 1495
1467 2036
425 22
684 891
1159 1183
1202 1980
1522 1188
523 1810
1702 1864
912 1227
1855 1025
1769 60
18 170
1654 5
1421 624
400 1891
1037 22
931 683
62 744
214 1106
1542 572
1065 1893
165 1662
1517 31
375 1202
770 352
138 465
311 316
1513 1538
521 24
1093 201
1191 1423
355 501
1581 317
1830 1485
958 721
1130 1858
1383 1928
483 1526
1321 2041
1788 1159
565 1975
1143 690
1853 1468
101 707
480 163
1045 1975
368 1269
1402 32
243 395
753 1808
2012 1961
114 1423
129 958
1401 1856
1420 572
848 707
70 277
355 1492
1911 1886
52 572
1151 1970
1642 716
842 1864
105 1247
1583 1521
1212 1810
56 951
524 1117
561 1351
1165 419
164 797
1572 1895
1631 922
1700 1263
952 1743
1211 1874
1121 1537
600 865
486 922
1218 870
916 1504
1030 707
1776 1975
20 954
270 1348
708 1270
2020 1864
47 1652
567 2027
544 2046
1226 1554
2006 352
310 650
1113 1468
1776 791
305 580
941 1348
2037 1552
263 1202
292 1624
1887 1662
115 1891
1098 744