675 40
1344 1807
301 1332
1127 1500
12 921
1688 874
1975 842
154 1555
297 760
1476 659
1638 1966
510 387
1961 304
406 1674
824 544
227 1042
606 1260
1257 1309
480 1576
1112 1459
820 1618
1446 1425
1528 453
608 1747
645 237
941 518
467 108
1753 1245
290 2003
126 1732
1444 1901
403 1794
475 635
156 668
1149 1449
2025 1912
1609 37
1706 783
1671 494
1198 143
616 309
504 1425
413 863
1454 1487
952 960
472 398
1789 1672
2026 1324
1273 2005
21 1963
1589 1831
207 66
295 1682
369 1890
827 1669
1523 844
193 611
1731 1995
300 1565
1859 1607
1537 1396
20 1374
27 1053
935 1779
1519 1754
960 270
1780 521
961 978
1785 1214
766 1412
515 1109
998 1129
1594 1358
156 1943
96 2006
132 492
610 186
21 1542
384 1705
141 794
864 673
1113 930
96 52
1801 55
618 520
443 1801
2046 158
2030 1788
78 1902
170 274
1759 1570
404 352
1407 504
882 1799
1502 1111
748 1668
1178 36
956 1650
1370 1453
469 1104
1612 431
1740 1347
1379 1081
24 712
2015 1819
956 327
1209 1494
1434 1367
864 204
1714 26
787 1328
636 120
385 441
340 123
1091 644
801 401
1142 2009
1130 1854
1101 68
94 416
1126 1434
68 1403
772 1848
479 466
879 852
1150 318
1411 1396
1879 172
1082 1739
279 1332
932 340
481 32
724 1151
1796 789
460 1409
1741 549
225 1415
12 1933
429 938
1131 249
747 760
1365 816
27 741
824 1505
777 2035
1483 846
1536 990
621 1533
976 995
108 1832
989 996
1529 199
1235 1279
1073 627
440 892
1751 896
1752 1509
301 828
262 1581
715 1825
1704 1665
273 1593
1734 57
835 1757
1338 413
1487 1179
703 442
1684 9
165 2033
1420 1525
673 743
598 262
1486 1079
1940 301
435 1044
988 1206
620 1302
369 1298
1763 999
368 1364
1626 255
175 1138
1231 1208
1425 525
776 703
75 195
1994 1262
556 1324
1851 1305
1702 255
539 86
69 1947
875 779
24 981
996 61
174 949
1726 1808
1326 1948
314 1265
155 129
221 1142
1432 258
852 666
1912 1091
983 62
1411 538
255 1325
599 211
494 1010
1324 442
727 1982
1657 641
87 1074
1578 310
1053 1033
1646 1163
1365 935
913 1862
1957 1180
792 927
381 1346
890 713
1979 1470
1240 1822
726 1888
246 1744
936 1574
1178 764
800 1028
1312 87
1659 909
1903 1754
1209 1430
1237 1832
682 522
526 1515
1218 504
1758 2034
560 1234
418 602
1671 589
1056 817
1852 1361
20 694
883 786
83 1126
1109 1136
879 755
1424 1757
520 296
1500 1416
1730 978
1938 405
490 956
1944 475
661 2035
1050 602
1093 165
161 907
383 1429
295 853
1165 95
398 1321
2006 1655
2044 1689
1624 1266
964 499
1447 1695
838 1761
1607 1791
1776 449
495 114
257 749
385 282
1074 2001
273 1994
1563 690
496 482
78 475
1023 1194
932 1369
1043 1010
371 1090
760 1856
1789 1338
2030 678
1284 902
763 654
450 1834
105 1735
136 1690
1660 1709
524 1867
1626 438
934 902
91 196
11 641
1563 1271
1388 1744
120 2042
132 360
1642 54
938 439
1421 1849
870 1309
939 674
799 1480
100 905
1013 1496
837 1357
497 622
1816 2029
1486 863
1020 210
1998 1127
1340 271
952 499
749 1211
1751 1482
629 1991
114 791
1187 1263
986 612
1128 801
1031 1534
327 1336
533 550
1637 2011
1528 900
1744 709
1464 845
266 974
1467 714
1648 1026
1079 514
145 128
602 1006
411 1489
653 1678
1688 584
1706 319
938 1096
1838 1906
720 438
288 1387
1396 1007
20 1887
2036 1588
194 802
499 715
1983 829
148 185
307 960
728 1306
1684 84
1502 1054
1801 1488
1394 1871
251 1050
1368 1663
695 931
61 640
906 543
1637 732
1825 1336
1174 608
607 802
1370 998
717 2040
1403 594
138 1094
1788 1519
150 422
113 1829
771 160
1583 1713
1008 1591
1702 694
1763 1286
1659 268
526 722
759 390
731 1667
362 1089
188 562
1580 1922
1593 358
565 58
705 627
1964 1470
995 264
794 927
1461 1154
1388 1222
1720 555
2020 127
1600 837
1418 1987
343 793
777 1635
1627 1309
346 882
1384 1669
1759 693
688 773
1482 1262
897 1415
414 1121
466 1764
1737 404
561 1423
235 1446
327 409
310 663
737 412
171 1905
647 1657
1348 1763
66 431
1881 1643
834 329
1597 838
877 462
1087 776
160 830
154 795
925 257
930 1158
1086 912
970 1733
1031 1819
1965 749
2027 1217
615 440
1571 560
614 1478
1615 1809
414 2011
743 662
1835 1976
851 1456
1668 1829
1453 1452
946 750
923 1142
1261 1336
1492 706
1950 685
62 782
1855 1079
210 1667
961 1895
1527 719
387 973
732 147
1559 576
1206 1871
957 597
1536 1824
79 1273
619 640
262 1955
420 1156
1148 69
1814 1174
762 1517
912 333
879 419
1046 1309
1719 342
114 965
451 726
1633 836
1710 1138
464 695
1902 1592
767 1220
908 2016
1936 122
1542 130
995 1540
260 1756
1583 0
537 964
355 646
1472 1079
313 364
1469 553
407 1426
720 791
866 413
1374 112
1824 1018
1659 759
1078 680
1843 1513
1217 105
773 1058
1028 147
518 631
76 45
1069 168
1124 207
1290 404
482 1980
1090 1944
1843 1415
349 70
1539 894
1375 703
577 1809
607 1866
1850 1410
2006 1984
1409 1483
1880 361
1239 1738
973 417
1339 429
1468 539
1281 1233
985 1066
681 936
392 679
1219 1364
1179 1004
1344 299
630 1972
559 1442
1809 1592
94 397
522 1215
1159 326
106 884
394 1341
1701 406
1546 135
2041 1802
1872 995
156 1795
97 1496
113 594
737 1366
1733 594
1112 1797
1053 1558
1875 665
1171 1488
1095 2015
731 227
1139 988
1006 465
877 772
1097 483
1105 1952
76 1108
398 1687
204 1918
1827 1356
622 1315
764 95
828 753
1752 814
857 1462
622 1464
606 830
3 1564
847 27
1593 159
899 719
713 1456
1732 914
1859 69
588 1860
279 1236
759 1955
854 982
1467 1022
76 1373
648 549
1958 1871
1773 1213
1313 848
1876 28
1527 401
1119 1636
1061 1158
768 1666
1912 1962
1242 414
299 154
302 822
165 569
1548 693
148 1419
2008 486
227 722
124 232
1878 1719
112 1105
1600 1026
1707 1760
411 713
2023 1947
773 31
1246 1788
1393 1878
581 1114
142 1045
629 391
872 871
726 106
1877 942
900 870
1199 1150
343 922
627 90
1691 5
790 1847
442 986
89 237
132 214
753 457
724 923
639 277
23 540
521 1946
1828 1384
297 2021
983 1046
1047 515
548 116
484 404
716 799
258 561
1736 1124
594 1309
115 1787
1259 1085
1865 786
1363 1204
1065 374
116 1150
238 232
275 214
10 738
933 6
977 1186
1629 1142
1796 1537
481 906
1862 723
1482 2003
307 1136
1231 714
1830 1661
631 1312
157 2034
1239 1992
1414 1944
550 864
1882 1467
1168 1927
738 1659
1844 1004
979 305
1052 350
1781 261
86 760
794 590
1244 1812
2004 1596
66 1615
1044 1307
358 695
747 1804
1963 698
1987 21
1136 145
274 1340
7 1073
1329 63
264 923
732 395
1786 31
33 1547
364 1593
277 1209
1270 158
858 535
1930 1572
917 1386
1366 125
321 853
1695 697
2040 614
815 1919
1783 1715
1792 1559
1012 1569
1388 496
2025 372
1752 1395
233 940
1125 1199
1418 639
22 59
1948 1855
1853 484
1088 75
1001 1046
412 1961
1017 802
150 1605
1642 1906
1585 1453
768 1392
1637 1812
1081 1748
1267 143
1300 568
1183 1977
1336 123
342 1720
1259 3
1460 1589
1123 435
1676 531
855 1650
1709 87
1539 651
458 253
19 762
1259 1506
1901 1130
813 593
45 1026
351 1454
1132 1991
213 849
981 1417
469 151
426 1786
1902 827
584 1693
1090 1206
818 1424
556 1645
539 735
1131 839
670 124
795 773
1503 1527
1508 77
328 787
1635 1259
1318 499
2006 1468
1884 372
1947 1276
415 1282
952 1777
240 1836
1582 1879
581 474
771 346
1549 1507
1441 245
67 497
863 294
1408 769
821 1710
1008 988
465 636
294 1862
1501 1678
703 1678
1530 748
504 1063
310 1454
863 1254
1114 1603
1894 422
1898 1122
238 908
1897 1966
1683 686
1476 185
856 304
1801 1688
1510 1866
586 1728
654 1557
1801 807
1131 1340
723 1291
479 1718
1388 1468
1475 1029
1736 404
1890 742
1446 13
1363 1940
1994 481
1818 155
711 763
1885 658
77 179
649 1570
1211 2021
1390 1065
1874 120
639 413
1239 1567
655 1884
1243 1667
994 71
1566 1269
990 412
552 665
2015 480
762 1196
561 509
1700 1503
1708 762
11 28
74 1689
717 86
2009 913
1043 1446
351 971
399 525
1610 931
360 1230
614 741
123 1594
2040 1724
1926 905
978 1944
1642 339
364 584
792 1940
1758 1956
885 1283
1013 1443
2000 121
62 736
1942 1070
645 1940
1030 1524
1815 120
590 589
1157 1025
686 1588
2006 2032
343 645
1898 257
986 624
119 1451
1961 827
1205 506
358 1215
1445 818
1705 275
1599 314
1780 1235
1610 1864
159 1611
1137 1625
1141 2002
245 824
131 949
1782 1367
540 1084
122 442
1089 1526
550 174
63 141
976 4
640 885
23 1481
129 1262
734 1809
1999 1356
215 1464
1930 1807
68 1203
1468 1950
700 733
457 1161
337 985
644 1080
1549 1660
1397 326
40 906
236 1317
1001 604
523 1094
1206 1718
1532 750
286 45
1335 1647
801 1610
814 388
177 1199
1650 1785
1513 474
1402 74
272 0
1870 1369
876 1121
723 1478
1755 784
788 1076
1771 144
805 1217
552 570
109 182
541 1565
220 870
2041 1659
1215 1515
1597 413
1236 661
1142 364
1254 586
46 147
1933 1772
1399 159
712 179
644 452
1714 6
898 410
781 1096
249 1532
169 128
1032 281
1897 1335
192 1640
1729 1233
1002 792
1277 53
392 775
1371 1992
107 527
1544 742
1687 740
1261 2012
335 386
770 1962
990 826
494 1360
108 2021
338 1884
1739 1105
176 147
641 856
166 37
334 1893
1755 510
1876 1698
1972 1893
1898 135
1006 122
701 158
171 207
1080 790
811 845
1505 663
378 1115
1994 1102
1122 1598
424 1130
1894 1898
44 1752
907 2020
1029 1050
819 1842
973 1677
1465 753
1736 846
1594 1823
1161 121
976 580
1327 1815
699 1874
72 103
2026 1575
1046 998
899 1131
1078 1646
1441 1201
1624 871
235 110
1259 1166
294 984
1525 690
432 1330
216 877
1890 171